//Homunculus LvUp experience value table
50
110
180
260
350
630
950
1310
1710
2150
3180
4300
5510
6810
8200
10800
13560
16480
19560
22800
28090
33630
39420
45460
51750
61500
70910
81030
91510
102350
117580
133300
149510
166210
183400
206480
230200
254560
279560
305200
338450
372510
407380
443060
479550
525590
572630
620670
669710
719750
781500
844460
908630
974010
1040600
1121280
1203400
1286960
1371960
1458400
1561530
1666350
1772860
1881060
1990950
2120350
2251710
2385030
2520310
2657550
2817340
2979380
3143670
3310210
3479000
3673600
3870760
4070480
4272760
4477600
4711730
4948750
5188660
5431460
5677150
5955830
6237750
6522910
6811310
7102950
7431500
7763660
8099430
8438810
8781800
9165840
9553880
9945920
10072245
10388768
10705290
11021813
11338335
11654858
11971380
12287903
12604425
12920948
13237470
13553993
13870515
14187038
14503560
14820083
15136605
15453128
15769650
16086173
16402695
16719218
17035740
17352263
17668785
17985308
18301830
18618353
18934875
19251398
19567920
19884443
20200965
20517488
20834010
21150533
21467055
21783578
22100100
22416623
22733145
23049668
23366190
23682713
23999235
24315758
24632280
24948803
25265325
25581848
25898370
26214893
26531415
26847938
27164460
27480983
27797505
28114028
28430550
28747073
29063595
29380118
29696640
30013163
30329685
30646208
30962730
31279253
31595775
31912298
32228820
32545343
32861865
33178388
33494910
33811433
0
