48
51
54
57
60
64
68
72
76
80
85
90
95
100
105
111
117
123
129
135
142
149
156
163
170
178
186
194
202
210
219
228
237
246
255
265
275
285
295
305
316
327
338
349
360
372
384
396
408
420
433
446
459
472
485
499
513
527
541
555
570
585
600
615
630
646
662
678
694
710
727
744
761
778
795
813
831
849
867
885
904
923
942
961
980
1000
1020
1040
1060
1080
1101
1122
1143
1164
1185
1207
1229
1251
1273
1295
1318
1341
1364
1387
1410
1434
1458
1482
1506
1530
1555
1580
1605
1630
1655
1681
1707
1733
1759
1785
1812
1839
1866
1893
1920
1948
1976
2004
2032
2060
2089
2118
2147
2176
2205
2235
2265
2295
2325
2355
2386
2417
2448
2479
2510
2542
2574
2606
2638
2670
2703
2736
2769
2802
2835
2869
2903
2937
2971
3005
3040
3075
3110
3145
3180
3216
3252
3288
3324
3360
3397
3434
3471
3508
3545
3583
3621
3659
3660
3661
3662
3663
3664
3665
3666
3667
3668
3669
3670
3671
3672
3673
3674
3675
3676
3677
3678
3679
3680
3681
3682
3683
3684
3685
3686
3687
3688
3689
3690
3691
3692
3693
3694
3695
3696
3697
3698
3699
3700
3701
3702
3703
3704
3705
3706
3707
3708
3709
3710
3711
3712
3713
3714
3715
3716
3717
3718
3719
3720
3721
3722
3723
3724
3725
3726
3727
3728
3729
3730
3731
3732
3733
3734
3735
3736
3737
3738
3739
3740
3741
3742
3743
3744
3745
3746